1.000000 52.818741
2.000000 13.844770
3.000000 -134.776268
4.000000 -272.526586
5.000000 -452.474196
6.000000 -651.130638
7.000000 -888.905117
8.000000 -984.740828
9.000000 -1302.638954
10.000000 -1775.785444
11.000000 -2012.327706
12.000000 -2518.877941
13.000000 -2932.781117
14.000000 -3297.925996
15.000000 -3712.772617
16.000000 -4259.846673
17.000000 -4837.821944
18.000000 -5124.065541
19.000000 -5777.312622
20.000000 -6276.204246
21.000000 -6781.827112
22.000000 -7408.561516
23.000000 -8004.834118
24.000000 -8573.950757
25.000000 -9168.628352
26.000000 -9904.949176
27.000000 -10444.698851
28.000000 -11059.427112
29.000000 -11731.424939
30.000000 -12570.769553
31.000000 -12959.558618
32.000000 -13836.930344
33.000000 -14198.574315
34.000000 -15119.841575
35.000000 -15735.455877
36.000000 -16262.366103
37.000000 -17161.714278
38.000000 -17629.722503
39.000000 -18247.132304
40.000000 -18904.705990
41.000000 -19661.012067
42.000000 -20163.383986
43.000000 -20917.054510
44.000000 -21387.819522
45.000000 -22058.677787
46.000000 -22556.371370
47.000000 -23213.477936
48.000000 -23630.787058
49.000000 -24243.895433
50.000000 -24783.687936
51.000000 -25402.947484
52.000000 -25597.844850
53.000000 -25911.253472
54.000000 -26557.236570
55.000000 -26749.613481
56.000000 -27277.769541
57.000000 -27679.123250
58.000000 -27899.836240
59.000000 -28229.526514
60.000000 -28369.058878
61.000000 -28742.227960
62.000000 -28827.959817
63.000000 -28962.322893
64.000000 -29092.975496
65.000000 -29154.846331
66.000000 -29265.657876
67.000000 -29371.795899
68.000000 -29150.292395
69.000000 -29197.262675
70.000000 -28867.137555
71.000000 -28841.100625
72.000000 -28510.626496
73.000000 -28164.673701
74.000000 -28063.635411
75.000000 -27733.678220
76.000000 -27156.128854
77.000000 -26778.210131
78.000000 -26296.371717
79.000000 -25722.477843
80.000000 -25192.401578
81.000000 -24339.315487
82.000000 -23758.889062
83.000000 -22812.089035
84.000000 -22122.314994
85.000000 -21017.907699
86.000000 -20161.586992
87.000000 -19466.170395
88.000000 -18074.359411
89.000000 -16764.703279
90.000000 -15690.386700
91.000000 -14423.363946
92.000000 -12944.016325
93.000000 -11402.699993
94.000000 -9963.507311
95.000000 -8442.171556
96.000000 -6743.778341
97.000000 -5010.066918
98.000000 -3270.114663
99.000000 -1324.939816
100.000000 600.206872
