0.0000 -0.0143
1.0000 0.0195
2.0000 0.0675
3.0000 0.1731
4.0000 0.2568
5.0000 0.3220
6.0000 0.4529
7.0000 0.5298
8.0000 0.6256
9.0000 0.6997
10.0000 0.7593
11.0000 0.7861
12.0000 0.8254
13.0000 0.8108
14.0000 0.8122
15.0000 0.7988
16.0000 0.7688
17.0000 0.7478
18.0000 0.7112
19.0000 0.6693
20.0000 0.6301
21.0000 0.6413
22.0000 0.5956
23.0000 0.5866
24.0000 0.5802
25.0000 0.5696
26.0000 0.5578
27.0000 0.5644
28.0000 0.5731
29.0000 0.5967
30.0000 0.5821
31.0000 0.6081
32.0000 0.6127
33.0000 0.6161
34.0000 0.6155
35.0000 0.6296
36.0000 0.6364
37.0000 0.6258
38.0000 0.6442
39.0000 0.6345
40.0000 0.6410
41.0000 0.6437
42.0000 0.6290
43.0000 0.6324
44.0000 0.6359
45.0000 0.6112
46.0000 0.6372
47.0000 0.6488
48.0000 0.6322
49.0000 0.6180
50.0000 0.6245
51.0000 0.6093
52.0000 0.6384
53.0000 0.6293
54.0000 0.6282
55.0000 0.6123
56.0000 0.6251
57.0000 0.6172
58.0000 0.6206
59.0000 0.6188
60.0000 0.6149
61.0000 0.6167
62.0000 0.6241
63.0000 0.6095
64.0000 0.6327
65.0000 0.6255
66.0000 0.6336
67.0000 0.6291
68.0000 0.6311
69.0000 0.6111
70.0000 0.6155
71.0000 0.6209
72.0000 0.6262
73.0000 0.6362
74.0000 0.6219
75.0000 0.6372
76.0000 0.6293
77.0000 0.6362
78.0000 0.6258
79.0000 0.6180
80.0000 0.6098
81.0000 0.6262
82.0000 0.6329
83.0000 0.6219
84.0000 0.6195
85.0000 0.6219
86.0000 0.6141
87.0000 0.6201
88.0000 0.6233
89.0000 0.6256
90.0000 0.6245
91.0000 0.6313
92.0000 0.6262
93.0000 0.6433
94.0000 0.6282
95.0000 0.6431
96.0000 0.6178
97.0000 0.6303
98.0000 0.6224
99.0000 0.6310
100.0000 0.6309
101.0000 0.6031
102.0000 0.6117
103.0000 0.6105
104.0000 0.6290
105.0000 0.6397
106.0000 0.6217
107.0000 0.6331
108.0000 0.6304
109.0000 0.6145