0.0 0.0892636841397
0.1 -0.833530148005
0.2 1.15214368947
0.3 8.25888802135
0.4 7.40483098455
0.5 4.64129910242
0.6 12.3656074581
0.7 4.37582505
0.8 5.83894944188
0.9 11.8402820453
1.0 13.4206259059
1.1 10.1194848293
1.2 13.529210973
1.3 13.1062048946
1.4 9.72287118096
1.5 19.6797045046
1.6 15.3504600878
1.7 22.3274885616
1.8 14.6192899763
1.9 16.2412398323
2.0 20.0023829162
2.1 16.8764288785
2.2 18.8773909684
2.3 17.3628554206
2.4 21.5228927379
2.5 19.1341076117
2.6 15.4918217444
2.7 11.2227538205
2.8 16.0210267288
2.9 13.0009040683
3.0 12.8345050307
3.1 13.0242486293
3.2 7.93658751819
3.3 14.9413191811
3.4 9.76166918707
3.5 8.31819766488
3.6 8.2546106757
3.7 5.07587836202
3.8 6.73933464919
3.9 9.18743722002
4.0 13.2139142652
4.1 8.31182957902
4.2 4.27384958239
4.3 7.51252114402
4.4 5.96695582745
4.5 13.4669579493
4.6 3.35115006805
4.7 1.63703379145
4.8 9.87721093411
4.9 9.91464589072
5.0 10.6217081637
5.1 13.5438921879
5.2 13.9623928103
5.3 9.54599198327
5.4 10.3171265275
5.5 16.6292327338
5.6 14.5967122749
5.7 18.7459635244
5.8 20.6758959783
5.9 20.2842695842
6.0 19.4269395247
6.1 20.6636807802
6.2 24.8902779535
6.3 31.4687955573
6.4 31.1764405541
6.5 36.5358791769
6.6 30.2735314515
6.7 32.2983046624
6.8 35.6090526305
6.9 37.8643377258
7.0 35.379815386
7.1 41.0845259704
7.2 39.603221902
7.3 35.3218383986
7.4 42.5154559917
7.5 44.6879610372
7.6 39.8889435139
7.7 43.8895624716
7.8 42.6595983532
7.9 44.0116270068
8.0 41.9089666625
8.1 39.4888144009
8.2 45.4669241087
8.3 49.0936682641
8.4 41.1712069125
8.5 48.2071319938
8.6 46.0596116939
8.7 43.4533864073
8.8 43.2204551446
8.9 43.8625456615
9.0 40.4759902092
9.1 44.0993552724
9.2 39.6794955614
9.3 39.9434441718
9.4 38.5745931697
9.5 41.2813413925
9.6 38.7705815824
9.7 37.8836161194
9.8 38.0722244494
9.9 34.9388639976
10.0 34.1186899886
10.1 34.4433725395
10.2 33.4667206382
10.3 29.8023467027
10.4 34.3856989455
10.5 34.4766607909
10.6 35.2715766366
10.7 35.4446523281
10.8 31.6058504497
10.9 34.4196228095
11.0 30.9131362987
11.1 37.712182699
11.2 33.338076463
11.3 37.9900552923
11.4 32.8925166386
11.5 38.9815467799
11.6 43.9909861711
11.7 38.1818927629
11.8 41.2063320228
11.9 46.2448203935
12.0 41.9696785261
12.1 42.5348344361
12.2 46.3551785031
12.3 42.4015911754
12.4 50.306007993
12.5 49.4284220715
12.6 54.3452760124
12.7 51.6744336307
12.8 51.2234807619
12.9 50.9138867527
13.0 55.5380959073
13.1 59.3074830314
13.2 60.6597131445
13.3 65.4728422128
13.4 59.6443694149
13.5 66.8971210138
13.6 65.7907384627
13.7 67.9182280241
13.8 67.5840578937
13.9 66.9912135561
14.0 69.025069345
14.1 69.7881015037
14.2 76.7878147827
14.3 68.3005656035
14.4 72.8260267377
14.5 68.3034112525
14.6 71.4199206424
14.7 64.5404888955
14.8 68.8587646771
14.9 68.1008078635
15.0 68.5536687374
15.1 65.7211704505
15.2 67.8487089365
15.3 65.1074007313
15.4 67.6891899625
15.5 64.0794061289
15.6 69.1118774125
15.7 61.2648645194
15.8 63.0951134992
15.9 64.374687734
16.0 63.7220832022
16.1 60.4402156916
16.2 66.1929586706
16.3 63.5207383625
16.4 59.9223173893
16.5 59.7645470173
16.6 55.5477746187
